CNS	CNS	CNS	RENAL	BREAST	CNS	CNS	BREAST	NSCLC	NSCLC	RENAL	RENAL	RENAL	RENAL	RENAL	RENAL	RENAL	BREAST	NSCLC	RENAL	UNKNOWN	OVARIAN	MELANOMA	PROSTATE	OVARIAN	OVARIAN	OVARIAN	OVARIAN	OVARIAN	PROSTATE	NSCLC	NSCLC	NSCLC	LEUKEMIA	K562B-repro	K562A-repro	LEUKEMIA	LEUKEMIA	LEUKEMIA	LEUKEMIA	LEUKEMIA	COLON	COLON	COLON	COLON	COLON	COLON	COLON	MCF7A-repro	BREAST	MCF7D-repro	BREAST	NSCLC	NSCLC	NSCLC	MELANOMA	BREAST	BREAST	MELANOMA	MELANOMA	MELANOMA	MELANOMA	MELANOMA	MELANOMA
0.3	0.679961	0.94	0.28	0.485	0.31	-0.83	-0.19	0.46	0.76	0.27	-0.45	-0.03	0.71	-0.36	-0.21	-0.5	-1.06	0.15	-0.29	-0.2	0.43	-0.49	-0.53	-0.01	0.64	-0.48	0.14	0.64	0.07	0.13	0.32	0.515	0.08	0.41	-0.2	-0.3699805	-0.37	-0.43	-0.38	-0.55	-0.320039	-0.62	-0.49	0.07001953	-0.12	-0.29	-0.8100195	0.2	0.3799805	0.3100195	0.03	-0.4299805	0.16	0.01	-0.62	-0.38	0.04998047	0.65	-0.03	-0.27	0.21	-0.05	0.35
1.18	1.289961	-0.04	-0.31	-0.465	-0.03	0	-0.87	0	1.49	0.63	-0.06	-1.12	0	-1.42	-1.95	-0.52	-2.19	-0.45	0	0.74	0.5	0.33	-0.05	-0.37	0.55	0.97	0.72	0.15	0.29	2.24	0.28	1.045	0.12	0	0	-1.38998	0.18	-0.59	-0.55	0	0.08996101	0.08	0.42	-0.8299805	0	0.03	0	-0.23	0.4499805	0.4800195	0.22	-0.3899805	-0.34	-1.28	-0.13	0	-0.7200195	0.64	-0.48	0.63	-0.62	0.14	-0.27
0.55	0.169961	-0.17	0.68	0.395	-0.1	0.13	-0.45	1.15	0.28	-0.36	0.15	-0.05	0.16	-0.03	-0.7	-0.66	-0.13	-0.32	0.05	0.08	-0.73	0.01	-0.23	-0.16	-0.54	0.3	-0.24	-0.17	0.07	0.64	0.36	0	0.06	0.21	0.06	-0.05998047	0	-0.5	-1.71	0.1	-0.290039	0.14	-0.34	-0.5999805	-0.01	-0.31	0.2199805	0.36	0.6599805	0.9600195	0.15	-0.1799805	-0.02	-0.77	0.2	-0.06	0.4199805	0.15	0.07	-0.1	-0.15	-0.09	0.02
1.14	0.379961	-0.04	-0.81	0.905	-0.46	-1.63	0.08	-1.4	0.1	-1.04	-0.61	0	-0.77	-2.28	-1.65	-2.61	0	-1.61	0.73	0.76	0.6	-1.66	0.17	0.93	-1.78	0.47	0	0.55	1.31	0.68	-1.88	0	0.4	0.18	-0.07	0.07001953	-1.32	-1.52	-1.87	-2.39	-1.030039	0.74	0.07	-0.9099805	0.13	1.5	0.7399805	0.18	0.7699805	0.9600195	-1.24	0.8600195	-1.73	0.94	-1.41	0.8	0.9299805	-1.97	-0.7	1.1	-1.33	-1.26	-1.23
-0.265	0.464961	-0.605	0.625	0.2	-0.205	0.075	0.005	-0.005	-0.525	0.015	-0.395	-0.285	0.045	0.135	-0.075	0.225	-0.485	-0.095	0.385	-0.105	-0.635	-0.185	0.825	0.395	0.315	0.425	1.715	-0.205	0.085	0.135	0.475	0.33	0.105	-0.255	-0.415	-0.07498047	-0.825	-0.785	-0.585	-0.215	0.09496101	0.205	-0.205	0.2450195	0.555	0.005	0.1149805	-0.315	0.05498047	-0.2149805	-0.305	0.7850195	-0.625	-0.015	1.585	-0.115	-0.09501953	-0.065	-0.195	1.045	0.045	0.045	-0.715
-0.07	0.579961	0	-1.387779e-17	-0.005	-0.54	-0.36	0.35	-0.7	0.36	-0.04	0.15	-0.25	-0.16	-0.32	0.06	-0.05	-0.43	-0.08	0.39	-0.08	-0.43	-0.14	0.01	-0.1	0.81	0.02	0.26	0.29	-0.62	0.3	0.11	-0.155	-0.19	-0.11	0.02	0.04001953	-0.13	0.52	0.12	-0.62	0.05996101	0	-1.387779e-17	-0.4399805	-0.55	-0.54	0.1199805	0.41	0.5499805	0.3700195	0.05	0.04001953	-0.14	0.27	1.16	0.18	0.1999805	0.13	0.41	0.08	-0.4	-2.710505e-20	-0.34
0.35	0.699961	0.09	0.17	0.085	-0.64	0.1	-0.04	-0.92	0.6	0.58	0.94	0.16	0.32	-0.04	-0.06	-0.39	-0.09	0	0	-0.31	-0.22	-0.12	0.35	-0.34	0.9	0.56	0.49	-0.44	0.04	0.6	0.1	-0.265	-0.07	-0.44	-0.32	-0.4399805	-0.19	0	-0.34	0.01	0.149961	0.07	-0.03	0.3800195	-0.5	-0.3	-0.06001953	0.24	0.3999805	0.3000195	0.04	0.2700195	-0.09	0.08	0.21	-0.46	-0.09001953	0	-0.24	-0.09	-0.39	0.42	-0.52
-0.315	0.724961	0.645	0.245	0.11	-0.585	0.155	-0.265	-0.515	0.175	0.425	-0.155	0.085	-0.025	0.035	0.015	-0.095	0.045	0.225	-0.065	-0.465	0.015	-0.425	-0.265	0.595	0.285	0.215	-0.015	0.315	-0.385	-0.055	0.305	0.06	-0.565	-0.385	0.095	-0.1849805	-0.705	-0.015	-0.015	0.115	0.05496101	-0.155	-0.115	0.1550195	0.065	-0.025	-0.6650195	0.315	0.1349805	0.6050195	0.055	-0.1049805	0.435	-0.095	-0.165	-0.475	-0.1250195	0.315	0.105	-0.675	-0.675	-0.305	0.475
-0.45	-0.04003899	0.43	0.02	0.235	-0.77	-0.29	-0.31	-0.28	0.58	0.99	0.29	0.14	0.4	-0.59	-0.37	0.49	-0.36	-1.629691e-18	-0.73	0.26	-0.08	-0.4	0.03	0.06	0.42	-0.04	-0.5	0.59	0.69	0.92	-0.45	-0.505	0.19	-0.9	-0.6	-0.5999805	0	0.63	-0.24	-0.4	0.599961	0.03	0.19	0.2200195	0.09	0.55	-0.4200195	-0.2	-0.08001953	-0.03998047	0.53	0.06001953	0	-0.27	0.57	1.629691e-18	0.3899805	-0.09	-0.41	-0.31	-0.36	0.31	0.23
-0.6549805	-0.2850195	0.4750195	0.09501949	1.490019493	-0.2449805	-0.08498051	-0.2449805	-0.1149805	1.145019	0.8550195	0.5050195	-0.6049805	0.1150195	0.6150195	-0.7849805	-0.4849805	0.5150195	0.7650195	-0.8849805	-0.8949805	-1.654981	-0.5349805	-0.3149805	0.1050195	1.125019	-0.05498051	-1.224981	-0.5449805	-0.2749805	1.005019	-0.2249805	-1.259980507	0.9350195	-0.1149805	-0.2449805	-0.474961	-0.004980507	-0.01498051	-0.5349805	-0.5149805	0.004980507	-0.5449805	0.2950195	0.215039	0.3250195	0.4250195	-0.235	0.1050195	0.385	0.105039	0.5750195	-0.644961	0.4650195	-0.8349805	0.02501949	0.3850195	-0.08500004	0.7250195	0.8750195	0.2750195	0.9450195	0.06501949	0.9150195
-0.65	-0.310039	0.41	-0.01	0.685	-0.12	-0.01	-0.91	-0.17	1.75	0.57	0.95	-0.11	0.23	0.92	0.51	0.41	0.24	1.45	-0.23	-0.48	-0.18	0.34	0.78	-0.86	1.52	-0.54	-0.48	0.01	0	0.29	0.39	-0.555	0.54	-0.09	-0.28	-0.4999805	0.15	0.65	-0.13	-0.83	0.589961	0.4	1.36	0.03001953	0.61	-0.03	0.3699805	0.6	1.17998	1.00002	-0.69	-0.9499805	0.29	-1.07	0	-0.55	-0.3700195	-0.64	-0.08	-0.24	0.89	-0.91	-0.96
-0.94	-0.720039	0.13	-0.12	0.605	0	-0.24	-1.23	-0.4	1.71	0.77	0.79	-0.11	-0.1	0.72	0.54	0.38	0.29	1.37	-0.12	-0.77	-0.36	-0.09	0.64	-0.48	1.53	-0.53	0.01	0.13	0	0.62	0.63	0.065	0.53	-1.05	-0.72	-0.1299805	-0.02	0.8	0	-0.47	0.639961	0.51	1.51	-0.1199805	1.31	0.27	0.4299805	0.91	1.12998	1.56002	-0.84	-0.3699805	0	-1.28	0.7	-0.52	-0.4600195	-0.74	-0.59	-0.16	1.01	-0.75	-1.3
0.31	-0.01003899	-0.35	-0.21	0.355	-0.69	-0.44	-0.52	-0.52	0.51	-0.27	0.2	0.15	0.39	-0.53	0.08	0.07	-0.49	-0.13	-0.1	0.3	0.58	-0.36	0.01	0.09	0.25	-0.31	0.24	0	0.19	-0.41	-0.09	0.685	-0.3	0	0	-1.75998	-0.1	0.19	0.93	-0.83	0.329961	0.06	0.28	0.09001953	-0.27	-0.19	0.1699805	0.57	0.3699805	0.6000195	0.07	0.4000195	-0.47	0.23	-0.18	-0.58	-0.4700195	0.33	0	-0.39	-0.25	-1.24	-0.26
0.01500977	0	0	0	1.220009766	-0.7349902	0	-0.2649902	-0.2349902	0.6650098	0	-0.09499023	-0.1249902	0.5950098	0	0	-0.1049902	0	0	0	0.2650098	-1.02499	-0.01499023	0.4550098	-0.08499023	0.08500977	-0.4749902	0.3250098	0.1350098	0.4950098	0	0.005009766	0	0.2750098	0.3850098	-0.5649902	-2.504971	0.4050098	0.07500977	0	-0.07499023	1.714971	-0.05499023	-0.2049902	0.1350293	-0.1649902	0	0.3349902	0.1650098	-0.005009766	0	-0.3349902	-0.1449707	0.1550098	0.04500977	-0.5749902	0	-0.4650098	0	0	0	-0.4949902	0	0.1950098
-0.08	-0.570039	0	0.61	2.425	-0.67	0	-0.48	2.21	-0.1	2.65	2.98	3.28	1.16	1	-0.58	1.48	-0.55	0.8	0	-0.23	-0.72	-0.36	1.54	-0.19	0.14	0.39	-0.43	0.64	1.28	0.44	0	0.755	-0.25	0	0	-1.16998	0.19	-0.4	0.89	-0.41	1.019961	0.6	-0.45	-0.3499805	0.06	-1.11	1.14998	1.12	0.1299805	0.9500195	-0.89	-0.7099805	-0.17	-0.35	-0.2	-1.37	-1.17002	0.1	0.23	-0.7	-0.57	-0.38	0.54
-2.37	0	0	-1.02	0	-0.05	0	-1.4	-2.44	-0.24	7.26	-0.53	3.49	5.59	1.9	5.82	-1.45	0	0	0	-1.87	-2.45	-0.87	0.04	1.83	-0.07	4.2	0	-0.77	-0.59	4.78	7.51	4.185	0	-0.04	0.37	0.6900195	-0.62	-1.97	0	-2.46	-0.420039	-1.84	-1.18	4.83002	6.73	5.23	5.09998	0	0	-0.8599805	-1.76	-0.8499805	-2.48	8.18	-1.41	3.02	2.07998	0.89	3.38	2.3	1.58	0.67	1.02
-0.54	-0.470039	-0.8	-0.47	-0.315	0.09	-0.38	-0.19	0.26	-0.69	3.45	-0.97	1.11	1.86	0.21	2.56	0.04	-0.58	-0.6	0.21	-0.33	-0.24	0.84	-0.1	-0.06	-0.05	1.71	-1.96	-0.49	-0.6	1.35	3.41	1.495	0.89	-0.23	-0.02	0.6200195	1.56	-0.76	0.06	-0.17	-0.130039	0.08	-0.53	1.75002	2.96	2.15	1.53998	-0.15	-0.4500195	0.5000195	-0.01	-0.8799805	-0.76	2.98	0.01	0.45	0.1199805	0.44	1.03	0.2	-0.36	-0.21	0.07
-0.615	-0.355039	0	0	0.31	-0.805	0.495	0.125	0.155	-0.115	-0.025	0.105	0.025	0.435	0.225	0.145	0.695	-0.935	0	-0.875	-0.445	0.295	0.795	0.265	0	0.465	-0.235	0	-0.635	0.345	0.525	0.055	0	-0.035	-0.845	-0.545	0	0.305	-0.515	-0.245	-0.615	0.204961	-0.565	0.065	-0.7849805	0.355	2.135	-0.9450195	-0.225	0.2949805	-0.4049805	-0.075	0.2050195	-0.805	-1.105	-0.655	-0.575	-0.2050195	0.445	0.585	0	0.165	-0.715	0.425
0	0.004980507	-0.004980507	-0.7649805	-0.519980507	0.5950195	0	-0.5149805	0.1350195	0.2350195	1.185019	1.395019	-0.02498051	-0.5749805	-0.4649805	0.8050195	0.1450195	-0.7349805	0.2850195	-0.8249805	-1.284981	0.8350195	0.9850195	0.4650195	0.9850195	0.5750195	0.005019493	0.6750195	-0.1549805	0.1950195	0.005019493	0.5750195	-0.629980507	-0.2049805	-0.05498051	-0.9649805	0.305039	0.3050195	-0.1149805	0.06501949	0	-0.1450195	-0.09498051	0.4650195	-0.214961	0.2150195	-0.004980507	0	-0.3149805	-0.03500004	0.415039	0.03501949	0.325039	-0.2449805	-0.01498051	-0.8849805	-0.9449805	-0.905	0.4450195	-0.1649805	-0.01498051	0.4550195	-0.1449805	0.3450195
-0.5199902	-0.4800292	0	0	-0.074990234	-0.4299902	0.4300098	-0.8399902	-0.9099902	0.8900098	0	0.7200098	0.08000977	-0.1899902	0.07000977	-0.5099902	0.1900098	-0.2599902	0	-1.36999	0.2300098	0.2900098	0.2200098	9.765625e-06	0.2200098	0	0	0	0.4700098	0.6000098	0	0.2000098	0	0.01000977	-0.1499902	-0.1299902	0.6800293	-0.4099902	-0.2899902	9.765625e-06	-0.1899902	-0.2500292	-0.4899902	-0.1899902	0.1100293	-0.08999023	-0.1499902	0	0.1700098	-9.765625e-06	-0.5499707	0.7000098	-0.0499707	0	0.3200098	0.1900098	-0.5199902	-0.1700098	-1.20999	0.4900098	0.1200098	0	0.08000977	0.3700098
-0.37	-0.140039	-0.14	-0.31	-0.865	-0.85	0.31	-0.72	-0.13	0.3	-0.17	-0.48	-0.01	0.36	-0.38	0.01	0.94	-0.5	0.69	-1.5	0.15	0.11	-0.1	0.21	0.26	-0.21	0.63	-0.07	0.35	-4.119968e-18	0.56	0.46	0.095	0.1	0.45	0.2	0.1500195	0	-0.25	-0.47	-0.16	0.509961	-0.43	-0.12	0.2200195	0.15	0.43	-0.4800195	0.22	0.3699805	0.1400195	0.46	-0.1599805	-0.24	0.67	0.54	-0.12	-0.2000195	-0.38	0	0.28	0.1	-0.15	-0.05
-0.29	-0.09003899	0.05	-0.62	-0.455	-0.09	0.09	-0.32	-0.4	0.08	0.52	0.08	0.11	0.22	-0.13	0.16	0.24	-0.29	0.32	0	0.32	0.22	0.01	-0.34	-0.63	0.64	-0.22	0.11	0.34	-0.27	-1.721171e-18	0.03	-0.375	0.73	0.3	0.24	0.1300195	0.04	0.09	0	-0.05	-0.120039	-0.17	-0.03	-0.01998047	0.15	1.01	-0.1700195	0.44	0.5999805	-0.02998047	0.28	0.2400195	-0.05	-0.08	-0.03	-0.29	-0.1600195	-0.57	-0.01	0.07	0.3	-0.11	-0.1
-0.1749903	0.004970741	-0.06499027	-0.2849903	-0.499990273	-0.01499027	-0.3049903	-0.5949903	-0.2949903	0.1250097	0.5650097	0.2550097	-0.1649903	0.2250097	-0.1749903	0.2850097	0.2450097	-0.2849903	-0.4249903	0.1550097	0.4050097	0.2350097	0.2550097	-0.3849903	0.03500973	0.6850097	-0.2149903	0.1550097	-0.03499027	-0.1849903	0.06500973	0.07500973	-0.219990273	0.2750097	0.2750097	0.3950097	0.1250293	0.3350097	0.1550097	-0.02499027	0.03500973	-0.1750293	-0.3049903	-0.2549903	-0.1149707	0.04500973	0.7950097	-0.1750098	0.6250097	0.5849902	0.2550293	0.1650097	-0.004970741	-0.1849903	0.1850097	-0.3249903	-0.2249903	-0.3350098	-0.4449903	-0.1449903	0.09500973	0.3050097	-0.09499027	-0.2849903
0.07	-0.220039	-0.06	-0.54	-0.245	0	-0.24	-0.34	0.16	0.32	0.26	0.23	0.05	0.38	0.07	0.18	0.4	-0.48	-0.54	-0.36	0.09	0.34	0.24	-0.17	-0.17	0.41	-0.08	0.24	-0.08	-0.27	0.32	0.1	-0.335	0.61	-0.05	-0.02	0.06001953	0.18	-0.11	-0.07	0.06	-0.200039	-0.19	-0.31	-0.1599805	-0.49	0.52	-0.3300195	0.13	0.2099805	0.1300195	0.07	-0.2299805	-0.35	0.35	-0.24	0	-0.01001953	-0.02	0.1	0.06	0.61	0.04	-1.1933e-17
-0.04	-0.370039	0.29	-0.52	-0.235	0.15	-0.58	-0.82	-0.23	1.28	-0.48	-0.38	0.25	0.18	0.52	0.33	0.55	-0.19	0.01	-0.1	0.02	0.08	0.87	0	0	0.09	0.7	0.22	-0.1	0.02	-0.36	0.35	-0.595	0.5	0.21	0.06	0.3000195	-0.47	-0.1	-0.39	-0.2	-0.310039	0.35	-0.43	0.9300195	0.07	-0.1	-0.1600195	0.84	0.3999805	0.6100195	0.56	0.1300195	-0.11	0.5	-0.32	-0.39	-0.4900195	-0.49	-0.36	-0.37	-0.24	-0.17	0.09
0.025	0	0.715	-0.135	-0.33	0.805	0.445	0	-0.315	0.895	-0.035	0.255	-0.065	0.375	0.045	-0.245	-0.085	-0.305	0.425	-0.385	0.495	0.055	0.485	-0.355	0.375	0.345	-0.135	0.505	0.395	-0.025	0	0.115	0	0.885	0.015	-0.165	0.1050195	-0.175	-0.005	-0.415	-1.475	-0.275039	0.225	0.245	0.7850195	0.195	0.145	-0.8350195	-0.075	0.2349805	-0.2249805	0.515	0.6450195	-0.435	0.375	-0.515	-0.925	-0.2950195	-0.805	0.005	-0.035	-0.265	-0.175	-0.245
-0.74	-0.320039	-0.07	-0.89	0	-0.7	-0.28	-1.18	0.51	1.35	-0.3	-0.39	-0.13	0.52	-0.46	-0.59	-0.16	-0.03	0.76	-0.54	0.33	0.47	0.66	0.23	-0.38	0.54	-0.23	0.7	0.57	0.05	0.44	0	0	1.73	0.19	-0.1	0.1300195	0.43	-0.48	-0.38	-2.62	-0.06003899	0.91	0.8	1.14002	0.49	0.92	-1.33002	-0.05	0.4099805	-0.4299805	0.29	0.5900195	0.11	0.59	0	-0.4	-0.4200195	-0.57	-0.18	-0.36	0.01	0.18	0.13
-0.4799903	0.1599707	-0.08999027	-0.2699903	0.015009727	0.3600097	0.3700097	-0.3299903	0.2000097	0.4200097	-0.6199903	-0.7799903	-0.6799903	-0.2399903	-1.43999	-0.6899903	-1.41999	-1.10999	0.3300097	-0.7399903	0.6700097	1.02001	-0.2199903	-0.2599903	-0.02999027	0.8100097	0.1600097	0.2700097	0.1100097	0.2200097	-0.3199903	-0.5499903	0.475009727	1.65001	0.07000973	0.2100097	-0.1799707	-0.5999903	-0.5899903	0.1700097	-1.31999	-0.01002926	0.07000973	0.6600097	0.01002926	0.3000097	1.15001	-1.61001	1.23001	1.39999	1.080029	0.3500097	-0.3599707	-0.3099903	0.5700097	0.5200097	-1.31999	-1.06001	-0.03999027	-0.9899903	0.8300097	0.5000097	-0.5099903	-0.3199903
-0.45	0.179961	-0.31	-0.84	-0.105	-0.16	0	-0.69	-0.19	0.37	-0.35	-0.55	-0.22	-0.14	-0.3	0.43	-0.83	-0.15	0.34	0.68	0.75	0.68	-0.07	-0.17	-0.24	0.07	-0.19	-0.01	0.11	-0.16	-0.22	0.4	0.295	0.37	0.34	0.05	0.1400195	-0.9	-0.08	-0.16	-0.24	0.239961	0.04	0.29	0.7600195	0.57	0.09	0.1499805	0.59	0.7699805	0.5200195	0	1.10002	0.25	1.35	-0.33	-0.29	0.03998047	-0.76	0.23	0.01	-0.12	-0.34	-0.21
-0.93	-0.320039	0.58	-0.23	-0.225	0.04	-0.27	-1.67	0.09	0.45	0.29	-0.9	-0.69	0	-0.62	0.05	-1.01	0.24	0.03	0.08	-0.1	-0.17	0.14	-0.98	-0.47	-0.69	-0.3	0.07	1.387779e-17	0	0.23	0.39	-0.395	0.27	0	0	-0.03998047	-1.08	-0.69	-0.61	-0.73	-0.02003899	-0.19	0.11	0.4500195	0.56	1.13	-0.09001953	0.45	0.01998047	0.08001953	0.87	-0.1599805	-0.03	0.13	-0.1	-0.44	-0.6700195	0.19	0.31	0.1	0.62	0.68	0.22
0.16	-0.440039	-0.48	0.32	-0.105	-0.17	-0.12	1.3	-0.85	-0.25	0.53	0.69	-0.01	0.98	0.96	1.23	0.66	-0.92	-1.33	1.02	-0.32	-0.57	-0.24	0.5	1.09	1.11	0.22	1.19	-0.59	-0.26	-1.19	0.26	0	0.41	0.17	-0.03	-0.4299805	0.45	0.11	-0.78	-0.56	-0.01003899	-0.15	-0.18	1.04002	0.3	1.26	0.4699805	0.49	0	0.3300195	-0.23	0.1900195	-0.14	-0.87	-0.41	-0.79	-0.4500195	-0.31	0.37	-0.33	0.01	0.84	0.45
-0.55	0.349961	0.23	0	-0.275	0.09	0.05	0	-0.78	-0.01	0.71	-0.76	-0.2	-0.09	-0.42	0.59	-0.63	-0.48	-0.45	-0.22	-0.3	-0.17	-0.06	0.38	-0.47	0.09	0.02	0.28	0.56	-0.37	-0.25	-0.2	0.455	-0.01	0.2	0.01	-0.1399805	1.14	0.51	0.71	0.03	0.269961	0.46	-0.45	0.1100195	0.16	0.43	-0.1500195	-0.1	-0.1600195	-0.1599805	-0.59	0.2700195	0.58	-0.24	-0.54	0.57	0.2399805	0.49	0.77	-0.03	0.93	-0.22	0.56
-0.5500098	0.4499512	-0.04000977	0.1099902	-0.575009766	0.05999023	0.009990234	-0.4300098	-1.05001	-0.2700098	0.8399902	0.4699902	-0.1800098	0	-0.4200098	1.14999	0.7599902	-0.8700098	-0.2200098	0.2999902	-0.4900098	-0.6000098	0.3999902	0.3399902	-0.1000098	1.01999	0.1799902	0	0.5099902	-0.2800098	0.3599902	0.2699902	0.624990234	-0.6800098	-0.5400098	-1.21001	-0.7999902	0.8899902	1.28999	0.1299902	-0.7500098	0.1499512	-0.3100098	-0.6800098	-0.009990234	-0.7300098	-0.05000977	-0.7800293	0.5199902	0.5899707	0.1100098	-0.5300098	0.1600098	0.7799902	0.1099902	-0.8800098	0.1699902	0.1299707	0.1899902	-0.1000098	-0.4100098	0.9999902	-0.4100098	-0.01000977
0.055	0.104961	-0.935	0.455	-0.45	-0.635	-0.195	-0.685	0.005	-0.455	0.095	-0.915	-0.105	0.645	-0.555	-0.005	-0.655	-1.145	-0.785	0.075	-0.705	-1.085	0.795	0.685	2.505	2.745	0.405	-0.155	0.265	0.125	0.245	0.105	-0.25	0.275	0.475	-0.135	0.5750195	0.955	0.105	-0.035	-0.305	0.704961	-0.445	-0.275	-0.5049805	-0.095	-0.165	-0.1650195	-0.435	-0.4950195	0.04501953	-0.435	0.4350195	0.065	-0.175	-0.105	0.245	0.7049805	0.625	0.285	-0.115	0.795	0.235	1.015
-0.37	0.489961	-0.75	-0.34	-0.465	-0.51	-0.86	-1.55	-1.06	0.61	0.01	-0.39	-0.06	0.23	0.53	0.93	0.03	-0.25	-0.81	-0.43	-1.01	-0.36	0.76	0.03	1.8	1.75	-0.09	0.72	-0.02	0.81	0.34	0.76	0.845	0	-0.84	-0.73	-0.4599805	0.42	0.33	0.56	-0.14	0.379961	0	0.22	-1.00998	-0.22	-0.55	-0.9400195	-0.35	-0.4000195	-0.3399805	-1.21	0.1300195	-0.22	0.28	0.28	0.51	0.4599805	0.73	0.13	0.1	0.66	-0.3	0.54
-0.165	0.204961	-0.385	-0.895	-0.39	-0.585	-0.405	-0.955	-0.425	0.615	-0.235	-0.275	0.015	0.255	0.635	0.715	0.155	0.005	-0.535	-0.455	-0.855	-0.115	0.305	0.275	1.835	1.475	-0.005	0.705	-0.115	0.835	0.455	0.475	0.62	-0.035	-1.025	-0.995	-0.7349805	0.305	0.245	0.405	-0.315	0.564961	0.245	0.245	-0.9849805	-0.015	-0.175	-0.6150195	-0.235	-0.1450195	-0.3049805	-1.085	0.5250195	-0.125	0.425	0.165	0.355	0.3349805	0.315	0.135	-0.155	0.435	-0.195	0.485
0.21	-0.05003899	-0.34	-1.08	-0.995	0.72	-0.6	-0.74	-0.76	0.41	-0.47	-0.18	-0.34	-0.68	-0.05	0.33	-0.17	-0.88	-0.36	-0.81	0.02	-0.38	0.04	-0.49	1.56	0.19	0.19	0.01	0.13	-0.08	0.1	0.34	-0.045	0.3	0	0	0.2500195	0.12	0.23	0.18	-0.33	0.01996101	0.15	-0.16	0.3100195	-0.58	-0.2	0.009980469	0.21	-0.2400195	0.03001953	-0.65	-0.05998047	0.21	-0.18	0	0.55	0.4199805	-0.05	0.22	0.33	0.74	-0.2	-0.07
0.47	-0.01003899	0.12	-0.43	-0.355	-0.17	-0.27	-0.2	-0.27	0.2	0.57	0.35	0.25	0.1	-0.26	1.42	0.52	-0.47	0	-0.52	-0.21	-0.08	-0.1	0.02	-0.1	-0.33	0.02	-0.29	6.505213e-18	0.58	-0.28	0.36	0.455	-0.17	0.32	0.29	0.2000195	0.09	-0.17	-6.505213e-18	0.04	-0.08003899	0.45	0.11	0.2100195	0	-0.38	0.03998047	0.35	0.2999805	0.2000195	-0.02	-0.1299805	0.53	-0.2	-0.05	0.56	0.2799805	-0.19	0.06	-0.59	-0.16	-0.73	-0.01
0	0.269961	-0.47	-0.03	0	-0.55	-0.54	-0.58	-0.96	0.13	0.67	0.12	0.47	0.66	-0.36	0.62	0.4	-0.58	-0.16	-0.65	-1.29	-0.63	-0.02	-0.15	0.1	-0.5	0.34	-0.14	0.11	0.28	0.28	0.07	-0.195	-0.17	0.1	-0.53	-0.2799805	0.02	-0.53	0.04	0.11	0.279961	-0.26	0.02	0.1300195	0.22	0.03	0.3399805	0.09	-0.3900195	-0.2799805	0.93	0.7300195	0.14	0.24	-0.65	-0.16	-0.03001953	0.08	-0.63	-1.04	-0.22	-0.93	0.27
-2.602085e-18	0.01996101	0.17	-0.13	-0.475	0.21	0.19	0.01	-1.26	0.7	-0.19	-0.19	0.43	0.47	-0.08	0.67	0.25	0.25	0.32	0.79	-0.58	-0.04	-0.21	-0.61	-0.14	-0.11	0.14	0.39	-0.21	0.46	1.32	0.01	1.335	-0.05	-0.89	-0.88	-1.62998	-0.99	-0.03	-0.7	0.07	0.909961	-0.1	0.3	0.6200195	-0.11	-0.4	0.2299805	2.602085e-18	-0.6600195	-0.2399805	-0.25	0.7600195	0.33	-0.02	0.34	0.09	-0.03001953	0.04	-0.23	-0.22	0.1	-0.51	0.43
0.1399805	0.04994148	-0.8600195	-0.5400195	-0.385019531	-0.1300195	-0.01001953	-0.4400195	-1.05002	-0.1200195	0.01998047	0.2699805	0.03998047	0.1399805	-0.1700195	0.2899805	-0.4400195	0.7799805	-0.3400195	0.2499805	-0.7700195	-0.3800195	0.1199805	0	0.08998047	-0.4300195	-0.05001953	-0.1200195	-0.5800195	-1.953125e-05	0.05998047	0.03998047	1.224980469	-0.05001953	0.07998047	0.3399805	-0.07	0.4099805	0.2299805	-0.2700195	0.2999805	0.5599415	0.1199805	0.3599805	0	-0.6800195	-1.15002	-0.4300391	0.1799805	0.5799609	-0.11	-0.5700195	0.26	-0.2900195	0.3999805	0.5299805	0.2799805	0.3599609	-0.08001953	0.3099805	-0.08001953	0.3999805	-0.1900195	-0.1400195
-0.215	-0.315039	-0.175	-1.225	-0.77	0.125	-0.465	-0.055	-0.835	-0.135	0.365	0.015	0.545	0.485	1.065	1.335	0.095	-0.125	-0.325	-0.235	-1.285	-0.205	-0.195	-0.275	0.045	0.315	0	0.035	-0.115	0.525	0.325	0.305	0.51	-0.335	-0.415	-0.365	-0.4649805	-0.255	0.105	0.085	-0.525	0.774961	0.595	0.425	0.5850195	0.775	-0.025	0.2449805	0.575	0.3149805	0.2650195	-0.385	1.13502	-0.435	-0.185	0.145	0.285	0.3649805	0	-0.255	-0.525	0.265	-0.015	-0.055
-0.065	-0.325039	-0.715	-1.265	-0.96	-0.415	-1.375	-0.565	-1.705	-0.235	0.885	0.295	0.915	0.465	1.475	1.435	0.035	-0.145	-0.605	-0.005	-1.135	-0.445	-0.155	-0.045	-0.125	0.395	-0.035	-0.265	-0.085	0.655	0.385	0.775	0.91	-0.385	-0.355	-0.465	-0.7049805	-0.145	0.105	0.475	-0.435	0.954961	0.725	0.495	0.6150195	0.665	0.015	0.5849805	0.695	0.2249805	0.4750195	-0.225	1.17502	-0.385	-0.055	0.115	0.305	0.7149805	0.315	-0.245	-0.465	0.245	0.085	0.005
-0.225	-0.05503899	-0.965	-1.415	-0.97	-0.475	-0.945	-0.795	-1.195	0.475	0.625	-0.145	0.505	0.475	0.515	1.365	0.065	1.095	0.165	0.665	-0.755	-0.115	-0.565	-0.085	0.315	-0.145	0.485	-0.215	-0.195	0.225	0.445	0.435	1.18	-0.065	-0.015	-0.355	-0.5349805	0.025	-0.125	-0.805	-0.225	0.854961	0.825	0.745	0.8050195	0.845	0.035	0.2949805	0.195	-0.02501953	-0.2649805	-0.685	1.00502	-0.135	-0.445	0.615	0.475	0.2449805	-0.445	-0.065	-0.245	0.535	0.015	0.015
-0.35	-0.280039	-0.54	-0.27	-0.895	-0.02	-0.31	-0.8	-1.24	0.04	0.05	-0.14	0.02	0.61	0.4	0.69	-0.03	-0.08	0.27	0.22	-0.26	0.23	0.3	-0.11	0.46	0.33	0.43	0.18	0.16	0.05	-0.56	0.04	0.995	-0.45	-0.59	-0.31	-0.3199805	1.07	0.07	0.21	0.32	0.479961	-0.17	0.45	0.2600195	-0.81	-0.24	0.05998047	0.04	-0.05001953	0.03001953	-0.53	0.2800195	-0.06	0.65	0.79	-0.35	-0.3300195	-0.05	-0.27	-0.09	0.63	-0.92	-0.22
-1.335	-0.255039	-0.005	-0.705	-0.63	-0.405	-0.435	-0.345	-1.065	-0.295	0.005	-0.175	-0.105	0.105	0.425	0.595	0.065	0.085	0.105	0.085	-0.445	-1.135	0.505	-0.015	-0.075	0.175	0.415	0.095	0.025	-0.095	-0.525	0.305	0	-0.115	-0.195	-0.225	0.1850195	0.635	-0.205	0.165	0.085	0.434961	0.635	0.235	0.4150195	-0.295	-0.015	0.7749805	0.125	0.2649805	0.1850195	-0.135	0.2850195	-0.485	0.185	0.715	-1.385	0.1849805	-0.165	-0.005	0	0.105	-0.595	-0.005
0	0.229961	-0.06	-0.22	-0.535	-0.4	-0.1	-0.37	0.04	1.05	0.03	0.61	0.31	-0.04	0.15	0.78	-0.03	-0.7	-0.61	-0.8	-0.26	-0.15	0.41	-0.3	0	0.06	0	0.39	-0.2	0.37	-0.14	0.34	0	-0.76	0.66	0.35	0.5100195	0.19	0.63	-0.55	0.26	-0.160039	-0.46	0.36	-0.1499805	0.04	0.17	-0.3000195	0.19	0.1299805	-0.1099805	0.07	-0.5099805	-0.23	0.14	0.21	-0.04	-0.3400195	-0.31	0.24	-0.12	0.22	0.24	-0.25
0.2175	-0.342539	-0.7225	-0.5025	-0.8875	0.0475	-0.8725	-0.2725	-0.0225	1.1275	0.9475	0.9375	0.6075	0.4475	0.6175	0.7675	1.3375	-0.1625	-0.5525	-1.3725	-0.8625	1.0075	-0.3625	-0.8225	0.3275	1.2175	-0.0425	0.5975	-0.5025	0.4375	0.4375	-0.0925	0.0225	-0.4025	0.9475	0.9575	0.7375195	1.1175	0.4075	0.6075	0.2675	-0.132539	0.6575	-0.0425	0.2975195	0.6075	0.1675	-0.3125195	0.2275	-0.3725195	-0.1824805	0.2975	0.4375195	-0.4725	-1.9325	-0.0325	-0.3625	-0.1925195	-0.3525	-0.0925	-0.4425	-0.2025	0.0875	-0.5125
0.25	-0.560039	-0.92	-0.04	-0.945	0.22	-0.74	-0.71	-0.48	0.74	0.97	0.66	0.21	0.26	0.41	0.51	1.26	-0.25	-0.35	-1.44	-0.74	0.69	-0.02	-0.51	0.65	1.39	0.02	0.54	-0.33	0.11	0	-0.12	-0.065	-0.34	0.9	0.79	0.5700195	1.28	0	0.4	-0.16	-0.280039	0.27	-0.13	0.3800195	0.39	0.47	0.4099805	0.09	-0.2900195	-0.2299805	0.29	0.3400195	-0.57	-1.18	0.29	-0.26	-0.4500195	0.13	-0.08	-0.33	-0.11	-0.06	-0.51
0.13	-0.900039	0.47	-0.15	-0.535	-1.4	-2.66	-0.21	-0.46	-0.26	0.03	0.59	-0.31	0.4	0.97	-0.26	1.29	-0.76	-0.72	-0.43	-0.44	-1	-0.05	-0.02	0.76	1.88	0.71	-0.31	0.02	-0.09	-0.94	-0.31	0.515	-0.18	0.25	0.27	-0.4599805	-0.28	0.14	0.77	0.52	-1.150039	0.18	0.17	0.05001953	0.32	0.12	0.5999805	0.72	-0.8100195	0.1900195	0.83	0.1400195	-0.25	-0.68	0.27	-0.08	0.09998047	0.07	0.41	-0.74	-0.67	-0.18	0.31
-0.48	-0.06003899	0.7	-0.16	0.005	-0.65	-2.02	-0.32	0.22	-0.09	0.25	-3.469447e-18	-1	0.45	1.28	0.83	1.53	0.09	0.2	-0.37	-0.06	0.44	0.57	-0.24	1.66	2.5	0.25	0.04	0.18	-0.06	-0.69	0.37	0.605	-0.23	0.08	3.469447e-18	-0.2499805	-0.6	0.56	0.66	0.22	-0.720039	-0.28	0.18	-0.1099805	3.469447e-18	0.47	0.4699805	0.77	0.5299805	0.6200195	0.61	-0.7799805	-0.69	-0.04	-0.47	-0.42	-0.5100195	-0.02	-0.07	-0.51	-0.36	-1.27	-0.48
-0.42	-0.200039	0.67	-0.29	0.185	-0.65	-1.52	-0.3	0.46	0.15	0.33	0.03	-0.7	0	1.11	0.97	1.45	-0.35	0.45	-0.5	-0.15	0.57	0.41	-0.07	0.88	2.23	0.43	0.25	0.37	-0.16	-0.61	0	0.505	-0.14	0.32	0.05	0.03001953	-0.57	0.51	0.8	-0.03	-0.640039	-0.28	0.16	-0.2499805	-0.05	0.45	0.4799805	0.69	0.5299805	0.7600195	0.56	-0.6299805	-0.7	0.36	-0.46	-0.44	-0.4800195	-0.03	-0.14	-0.56	-0.44	-1.23	-0.42
-0.7	-0.670039	-0.9	-0.18	-0.105	-0.15	-1.33	-0.92	0.56	-0.09	-0.15	0.26	1.09	0.14	1.18	1.14	1.08	0.7	-0.41	0.4	0.44	0.25	0.57	-0.77	0.35	1.09	1.81	0	0.85	0.8	-0.3	-0.12	-0.355	-0.36	0.46	0.69	0.6800195	-0.42	0.08	0.36	-0.24	0.149961	-0.13	0.63	-0.3799805	1.11	0.5	1.66998	0.08	-0.1700195	-0.01998047	0	0.1500195	-0.16	-0.75	-0.4	-0.33	-0.2800195	-0.03	-0.42	-0.58	0.02	-0.8	0.06
-0.275	0.324961	-0.265	-0.665	-0.34	-0.475	-0.555	-0.115	0.335	-0.265	0.105	0.545	0.345	0.055	0.135	0.875	0.635	0.825	0.145	0.175	-0.515	-0.015	-0.305	-0.535	0.665	0.565	0.965	-0.045	-0.475	-0.085	-0.075	0.195	-0.48	-0.675	-0.015	0.005	-0.1049805	0.045	0.465	0.495	1.075	0.454961	0.535	-0.225	0.8450195	-0.445	-0.075	0.1149805	0.365	0.2549805	0.03501953	0.235	0.2750195	-0.055	-0.005	-0.105	-0.045	-0.1350195	0.175	-0.325	-0.245	-0.255	-0.615	0.005
-0.3449902	0.1349708	-0.4249902	-0.7749902	-0.199990234	-0.5149902	-0.8449902	0.01500977	0.3550098	0.1550098	0.09500977	0.4950098	0.4150098	0.1650098	-0.05499023	0.6650098	0.6150098	0.05500977	0.2950098	-0.1549902	-0.6849902	-0.01499023	-0.3249902	-0.6949902	0.5550098	0.5750098	1.02501	-0.3549902	-0.7949902	-0.2149902	0.04500977	0.2650098	-0.319990234	-0.8449902	-0.1749902	-0.3749902	-0.3349707	0.08500977	0.3650098	0.6250098	1.20501	0.4949708	0.6750098	-0.2349902	1.005029	-0.2749902	-0.3349902	0.07499023	0.3050098	0.01499023	-0.0249707	0.2450098	0.3050293	-0.2649902	0.2250098	-0.1049902	-0.08499023	-0.2950098	0.3450098	-0.3249902	-0.5049902	-0.3349902	-0.6849902	0.3050098
-0.16	0.539961	-0.24	0.21	-0.665	0	-0.76	0.13	0.39	-0.23	0.32	0.37	-0.05	0.22	-0.07	0.31	-0.16	-0.16	-0.58	-0.24	-0.12	0.24	-0.2	-0.8	0.69	0.12	-0.33	-0.45	-0.14	0.02	0	0.33	0.285	-0.51	-0.6	-0.49	-0.8999805	0.1	0.43	0.36	1.07	-0.250039	0.17	-0.72	0.5100195	-0.08	-0.45	0.2099805	0.25	0.3499805	0.2900195	0.82	-0.2199805	0.08	-0.06	0.35	-0.21	0.4899805	0.82	-0.03	-0.02	0.3	-0.36	0.03
-0.35	0.229961	-0.03	-0.77	-0.225	-0.35	-0.84	0.13	0.18	0.25	0.2	0.22	-0.42	0.66	0.04	0.05	0.69	-0.31	-0.36	-0.85	0.4	0.46	-0.27	-0.64	1.89	-0.01	0.54	-0.36	0.53	-0.21	0	-0.08	0.005	0	0.38	-0.4	0.1500195	0.17	-0.15	-0.33	1.23	-0.230039	0.12	0.46	0	-0.18	-0.42	-0.04001953	0.22	-0.1200195	0.2100195	3.469447e-18	-0.07998047	0.36	0.12	0.14	-1.03	-0.1700195	-0.05	0	-0.12	0.23	-0.4	0.64
0.555	0.08496101	0.215	-0.605	-0.41	-0.755	-0.735	0.475	-0.055	0.095	0.155	-0.085	0.265	-0.225	-0.345	-0.265	0.485	-0.785	0	-0.155	0.225	-0.575	0.015	-0.645	0.405	-0.425	0.235	-0.735	-0.255	0.315	-0.175	0.115	0.05	-0.265	-0.485	0.335	-0.4349805	-0.245	-0.355	0.525	0.755	0.364961	1.305	0.235	0.1550195	0.075	0.175	0.1349805	-0.065	-0.3750195	0.02501953	0	-0.3849805	-0.015	0.275	-0.265	0.035	0.2349805	0.095	-0.185	0.075	-0.685	-0.045	-0.555
0.29	-0.08003899	0.29	-0.19	-0.215	-0.54	-0.37	-0.57	-0.11	0.36	0.62	-0.06	0.02	1.16	0.98	0.32	0.11	-1.55	0	0.25	0.65	0.56	-0.2	0.07	0	0.22	0.83	-0.48	0	-0.23	-0.69	0.23	0	-0.51	-0.33	-0.03	-0.3099805	-0.17	-0.1	0.08	0.03	0.529961	1.15	0.21	-0.07998047	0.63	0.37	0.4599805	-0.06	-0.3000195	0.05001953	-0.22	0.03001953	0.24	0.02	-0.58	0.05	-0.2800195	0.3	-0.46	-0.72	-0.26	-0.74	-0.04
-0.27	0.949961	0.07	0.17	-0.175	-1.16	-0.95	-0.07	0.46	-0.08	0.03	0.08	0	0.53	0.06	0.21	0.56	-0.78	-1.35	0.46	0.35	0.37	-0.4	0.09	0	0.46	-0.07	-0.11	0.08	0.21	-0.1	0.11	-0.235	-0.47	-0.57	-0.94	-0.3399805	-0.3	0.11	0.02	-1.17	0.259961	0.78	-0.02	0.3000195	0.02	-0.26	0.5799805	-0.37	-0.4000195	-0.01998047	-0.64	0.3400195	0.1	0.55	0.31	-0.63	-0.5000195	0.24	-0.53	0.06	-0.83	-0.56	-0.09
-0.3399805	0.9399805	0.1200195	-0.2099805	-0.784980507	-1.709981	-1.149981	-0.3899805	0.4600195	-0.1299805	0.2800195	-0.03998051	0.5900195	0.9100195	0.5700195	0.4400195	0.6600195	-0.8099805	-0.8299805	0.8800195	0.2500195	0.3800195	-0.1599805	0.1700195	-0.2499805	1.320019	-0.1099805	1.94931e-05	-0.6899805	0.06001949	0.2400195	0.3400195	0.155019493	0.8300195	-0.05998051	-0.03998051	-0.149961	-0.07998051	-0.4499805	0.2700195	-0.2199805	-1.94931e-05	0.4000195	0.5400195	0.420039	0.7600195	-0.4999805	0.42	0.03001949	-0.63	-0.09996098	-0.1199805	0.510039	0.06001949	-0.3899805	0.2100195	-0.8599805	-0.56	0.1800195	-0.01998051	0.4100195	-0.7699805	-0.7799805	-0.2799805
0.305	0.194961	0.515	-0.615	-0.33	-0.415	-1.185	-0.185	-0.005	0.205	0.185	0.125	0.245	0.075	0.005	-0.425	-0.305	-0.205	-0.775	0.115	-0.235	0.435	0.505	-0.095	0.005	-0.145	0.305	0.095	0.145	-0.675	0.075	0.065	0.01	-0.495	0.135	-0.135	-0.06498047	0.325	-0.285	0.375	0.085	-0.02503899	0.595	0.135	0.01501953	0.285	0.175	0.1249805	-0.175	-0.5150195	-0.5349805	-0.165	0.4150195	-0.175	-0.235	0.195	-0.445	-0.3350195	-0.055	-0.015	0.235	-0.435	-0.045	-0.235
-0.005	1.904961	0.545	0.165	-0.39	-1.275	-1.485	-1.055	0.445	0.985	0.585	-0.145	0.175	0.695	0.705	0.985	0.025	-1.175	-1.125	-0.765	-0.205	0.075	0.325	-0.435	-1.485	-0.495	0.495	0.825	0.495	-0.145	-0.385	0.645	0.78	-0.355	0.245	0.515	0.4250195	0	0.235	-0.005	-0.615	-0.525039	0.355	-0.605	-0.5049805	-0.095	0.005	0.08498047	-0.675	-0.7950195	-0.9049805	0	-0.1549805	-0.055	0.215	-0.375	-0.305	-0.2850195	0.825	0.445	0.485	-0.215	0.025	0.275
0.7	0.499961	-0.03	-0.19	-0.075	-0.89	-0.58	0.15	-0.52	0.42	0	0.69	0.39	0.59	0	-0.34	0.53	-0.91	-0.58	0	-0.45	0.42	0.08	-0.11	0.02	0.18	0.42	-0.23	0.41	0.08	0	0	0	-0.51	0.04	0.19	-0.1999805	-0.05	-0.53	0.6	-0.15	0.259961	0.03	-0.41	0.6300195	-0.02	0.93	0	-0.25	-0.04001953	0	0.56	-0.4299805	0.17	-0.52	-0.08	0	0	-0.68	0.45	0.2	-0.34	0.49	-0.34
0.4500195	0.3499805	0.1900195	0	-0.204980469	-0.2699805	-0.02998047	-0.1899805	-0.3399805	0.3200195	0.08001953	0.01001953	0.1000195	-0.1199805	0.1300195	0.2500195	-0.3699805	-0.6199805	-1.31998	-0.7399805	-0.1099805	0.3700195	0.6200195	0.07001953	0	-0.5599805	-0.1499805	-0.06998047	0.1900195	0.5600195	0.3200195	0.6500195	0	0.5500195	-0.1699805	-0.2499805	0.4000391	0.08001953	0.1900195	-0.1299805	-0.3299805	0.02998055	-0.3299805	-0.04998047	0.3000391	-0.1399805	1.14002	0	0.2700195	0.04	0.3900391	-0.4499805	0.3800391	-0.2699805	-0.04998047	0.04001953	-0.1999805	-0.26	-0.2799805	-0.009980469	0.02001953	0.2900195	-0.009980469	-0.2399805
0.21	0.899961	-0.07	-0.06	-0.325	-1.18	-1.26	0.84	-0.01	0.25	0.69	-0.34	0	-0.72	-0.2	0.57	0.45	-0.64	-1.24	-1.4	0.21	-0.22	-0.34	0.16	-0.03	0.06	0.4	0.29	0.09	-0.2	0	0.93	0.365	-0.12	0.1	-0.12	-0.1899805	-0.7	0.35	-0.83	-0.59	0	0.38	0.75	0.9100195	0.49	0.53	0.8599805	0	0.1199805	0.01001953	0.11	0.1300195	0	-0.06	-0.43	-0.44	-0.5500195	-0.21	0.04	-0.03	1.04	-0.93	0.01
0.29	1.219961	0.4	-0.01	-0.485	-1.89	-1.25	0.84	-0.55	0.19	0.26	0.16	0.08	0.06	-0.66	-0.25	0.68	-2.17	-1.67	-1.44	-0.26	0.36	-0.04	0.25	1.35	0.52	0.01	-0.2	-0.11	-0.07	1.27	0.77	0	0.56	0.47	0.2	0.5200195	0.43	-0.46	0.23	-0.31	0.359961	-0.42	-0.46	-0.3399805	3.469447e-18	-3.469447e-18	-0.8100195	0.22	0.7599805	-0.1699805	0.32	-0.2099805	-0.25	-0.54	-0.37	-0.59	-0.6200195	0.03	0	0.18	-0.34	-0.25	1.83
0.08499023	0	0	-0.5050098	-0.350009766	-1.93501	-0.04500977	0.7349902	0.1749902	0.2149902	-0.02500977	0.07499023	0.1249902	0.3649902	-0.3750098	0.1849902	0.2449902	-1.55501	-1.50501	-0.5550098	0	0.2949902	-0.3350098	-0.4850098	-0.2350098	0.2749902	0.2149902	-0.4850098	-0.1850098	-0.005009766	-0.4750098	0.3349902	0	0.2049902	0.1549902	-0.2950098	0.2350098	0.08499023	-0.5650098	0.1849902	-0.1750098	-0.5050488	-0.2550098	-0.005009766	0.005009766	0.1649902	-0.5650098	-0.9250293	-0.005009766	0.4049707	0.8950098	0.07499023	0.1150098	-0.4850098	-0.2050098	0.1949902	-0.03500977	-0.4150293	-0.4250098	0.3949902	1.02499	0.9449902	0.02499023	0.5349902
-0.4550098	0.3749512	-0.09500977	-0.7750098	-0.230009766	-2.56501	-1.08501	0.1849902	-0.4150098	0.04499023	0.5749902	0.4249902	0.4049902	-0.2750098	-0.4650098	0.5049902	0.5149902	-2.50501	-2.11501	-0.8150098	0.2649902	0	-0.08500977	-0.1250098	0.2749902	0.06499023	0.1549902	-0.4650098	-0.02500977	0.07499023	0.1949902	0.7549902	0.489990234	-0.1450098	0.6449902	0.4349902	0	0.2949902	-0.1250098	0.4549902	-0.04500977	0.6649512	-0.1350098	-0.2750098	-0.01499023	0.01499023	-0.3950098	-0.2650293	0.4249902	0.5449707	0.4550098	0.3849902	0.1850098	-0.7450098	-0.08500977	-0.4950098	-0.2150098	-0.2550293	-0.1550098	0.5849902	0.4049902	0.5949902	-0.08500977	0.4649902
0.12	0.279961	0.27	-0.29	-0.155	-2.5	-0.08	0.21	-0.18	-0.2	0.26	0.06	0.45	-0.44	-0.57	-0.19	0.31	-0.89	-1.63	-0.32	-0.11	0.28	-0.25	-0.23	-0.31	-0.18	-0.05	-0.65	-0.08	0.44	0.44	0.5	0.305	-0.68	0.28	0.85	0.4200195	0.34	0.25	0.21	0	0.389961	0.21	-0.19	0.06001953	0.74	-0.31	0.01998047	0	-0.07001953	0.1500195	-0.11	0.3400195	0.23	-0.27	-0.47	-0.5	-0.5400195	-0.19	0.32	-0.09	0.05	0.15	0.24
-0.66	-3.898621e-05	0.08	-0.71	-0.575	-1.01	-0.44	-0.48	0.05	-0.31	-0.14	-0.57	0.01	0.06	-0.67	0.18	0.58	-0.77	-1.14	-0.82	0.01	0.49	0.18	0	0.49	-0.11	-0.15	-0.41	0.56	0.18	-0.25	0.55	-0.045	-0.15	0.56	0	0.4200195	0.24	0.36	0.48	0.01	0.609961	-0.03	-0.24	0.04001953	-0.04	0.31	-0.08001953	0.39	0.3799805	0.3500195	0.68	0.2200195	-0.08	0.76	-0.21	-0.71	-0.8000195	-0.37	0.14	0.27	-0.09	-0.08	0.15
0.1	-0.09003899	0	-0.45	-0.615	-0.75	-0.1	-0.28	3.442342e-18	0	-0.16	0.15	0.32	-0.43	-0.13	-0.06	-0.15	-0.67	-1.39	-0.39	0.22	0.04	-0.32	-0.25	0	0.5	0	-0.55	0.49	0.21	-0.15	0.59	0	0.22	0.16	0.09	0.3000195	-0.23	-0.39	-0.09	0	0.199961	0.26	-0.15	-0.3499805	-0.05	0.59	-0.01001953	0.23	0.6699805	0.07001953	0.07	-0.4499805	-0.15	-0.05	0.22	0.19	0.5499805	0.05	0.35	-0.28	0.7	0.64	0.43
0.1	-0.05003899	0	-0.61	-0.695	-0.85	-0.28	0.12	0	-0.41	0.34	-0.06	-0.24	-0.1	-0.78	2.1	-0.13	0	-1.45	-0.5	-0.05	0.21	-0.07	-0.33	0.43	0.26	-0.43	0.01	-0.14	-0.11	0.12	0.36	0	0.46	0.15	0.14	0.1300195	0.02	-0.94	-3.035766e-18	0.34	-0.05003899	3.035766e-18	0	-0.009980469	0.36	-0.1	-0.3200195	-0.2	0.2499805	0.4800195	0.15	0	-0.22	0.24	0.18	0.21	0.1599805	-0.13	0.14	0.47	-0.48	0.02	0.24
-0.09996101	0	-0.319961	-0.809961	-0.634961014	-0.589961	-0.269961	0.100039	-0.249961	-0.009961014	0.130039	0.540039	0.500039	-0.339961	0.490039	0.690039	0.07003899	-1.159961	-0.949961	0.250039	0.280039	0.570039	-0.349961	-0.249961	-0.129961	-0.279961	-0.979961	-0.189961	0.280039	-0.479961	1.400039	0.500039	0.505038986	0.280039	0.280039	0.470039	0.5200585	0.560039	0.620039	0.170039	0.190039	-0.45	0.140039	0	0.05005852	0.340039	0.310039	0.2300195	-1.209961	0.3400195	0.1100585	0.540039	-0.01994148	-0.119961	-0.319961	-0.469961	0.160039	-0.1799805	-0.929961	-0.259961	-0.149961	-0.159961	-0.659961	-0.119961
-0.3999805	0.9099805	0.09001953	-1.53998	-1.094980469	0	0.09001953	-0.3899805	0.3600195	0.1900195	-0.3399805	-0.2699805	0.06001953	0.1700195	0.3700195	0.3100195	-0.3399805	-0.4399805	-0.4399805	0.4100195	0.3100195	1.02002	-0.6599805	0.1200195	-0.7699805	-0.4699805	-0.6099805	-0.03998047	-0.7699805	0.2500195	0.01001953	0.5100195	0.655019531	0.2100195	0.06001953	0.2600195	0.1900391	0.1300195	-0.06998047	-0.2399805	-0.6399805	0	0.3900195	0.3300195	-0.06996094	0.3200195	0.2900195	0	0	-0.19	-0.1299609	-0.3599805	-0.08996094	0.2000195	-1.03998	-0.1799805	0.3400195	0.36	-0.5199805	-0.3299805	0.1000195	-0.7699805	-0.3599805	-0.02998047
-0.195	0.274961	0.105	-1.035	-1	-0.085	-0.335	-0.715	0.195	0.095	-0.195	-0.485	0.125	0.415	0.275	0	-0.125	-0.465	-0.715	0.105	0.185	0.705	-0.585	0.195	-0.465	-0.265	-0.475	-0.235	-0.675	0.165	-0.025	0.555	0.56	0.425	0.065	0.135	0.1950195	0.085	-0.165	-0.235	-0.175	-0.245039	0.375	0.275	-0.2349805	0.125	0.325	-0.1050195	0.175	-0.03501953	0.2250195	0.045	-0.1849805	0.165	-0.775	0.225	0.255	0.1649805	-0.185	-0.295	0.025	-0.415	0	-0.105
0.28	-0.04003899	-0.28	0	-0.335	0.18	-0.17	0.14	-0.3	0	0.38	0	0.35	-0.19	0.01	0.24	0.06	-0.75	-0.44	-0.8	-1.03	-0.82	0.1	0	0.88	-0.14	0.3	1.14	-0.85	0.53	0.21	0.27	1.195	-0.35	-0.33	0.03	0.3100195	-0.24	-0.64	-0.09	-0.06	0.08996101	-0.71	0.07	0.07001953	0.83	0.1	-0.3300195	0.27	0.2399805	0.9000195	-0.4	0.2100195	-0.39	-0.45	0.11	-0.29	0	-0.85	-0.63	-0.6	0.34	-0.99	-0.38
2.36	0.869961	1.99	3.6	-1.385	1.37	-0.48	-0.82	-0.77	1.94	1.63	2.43	-1.05	2.97	2.79	1.01	-0.48	-2.55	0	-0.62	-1.07	-0.87	-1.42	2.51	1.27	1.44	1.94	1.5	1.18	-1.23	2.22	0	-1.175	0.08	0	0	-1.43998	1.01	-2.98	-2.41	-3.88	-0.670039	0.77	-0.92	2.34002	-0.56	0.59	0.8299805	3.38	3.58998	3.44002	-1.18	-0.5399805	-0.2	-1.23	-1.83	0	0	-2.19	-2.3	0.04	0.92	-1.6	-0.4
0.47	-0.100039	0	0	0.345	-0.15	0.05	-0.47	-0.37	0.14	-0.14	0.15	-0.01	0	-0.13	0.11	0.06	-0.21	0	-0.18	-0.35	-0.47	0.17	0.27	-0.31	-0.18	-0.11	0.13	0.1	0.06	0	-0.2	0	0.17	0.04	0.04	-0.1599805	0.63	0.26	-0.31	-0.25	-0.04003899	0	0.06	-0.009980469	0.28	0.61	-0.2900195	0.08	0.1899805	0.3100195	0	0.4800195	-0.14	-0.66	-0.1	-0.29	-0.02001953	-0.6	0.01	0.01	-0.05	0.17	0.19
0.18	1.409961	0.87	0.85	0.815	-2.84	-1.12	-1.64	-0.34	-0.18	-1.46	-0.5	-0.28	-0.04	0.2	1.24	1.27	0.49	-0.56	-2.19	-0.5	-1.32	0.12	0.96	0.4	0.41	-0.35	1.43	1.74	0.2	1.31	-0.48	0.375	1.76	1.22	1.48	1.12002	0.58	-0.72	-3.59	-0.36	0.809961	0	-1.387779e-17	0.4100195	0.34	2.49	1.06998	0.3	-0.2200195	-0.2199805	0	0.8200195	0.65	-3.73	-2.15	-1.75	-2.64002	-1.37	-0.28	-1.73	-0.61	-0.19	-0.34
-0.6449902	1.004971	0	-0.1949902	0.560009766	0	-0.5849902	0	-0.4549902	-0.5849902	0	-0.3049902	0.4050098	-1.42499	0.5850098	0.7350098	1.00501	0.4550098	-0.5049902	0	-1.00499	-0.9549902	0.01500977	0.9050098	0.4150098	-0.4049902	-0.6549902	0	1.53501	0.2150098	1.05501	-0.2949902	-0.309990234	0	1.42501	0.9750098	0.4250293	0.7350098	-0.02499023	-1.96499	0	0.8449708	0.1050098	-0.08499023	-0.2149707	0	2.47501	0.1649902	0.03500977	-0.01500977	-0.3549707	-1.52499	0.7350293	0.2950098	0	-1.34499	-1.05499	-1.41501	0	0.2550098	0	-0.3249902	-0.3549902	0.06500977
1.3	0.779961	0.74	-1.21	-0.155	-1.74	-1.93	0	-0.82	-0.42	0.41	0.25	1.4	-0.2	1.01	0	-0.03	-0.23	0.33	-0.8	-1.87	-2.07	-1.16	1.58	-0.39	-0.48	-0.99	0.5	1.31	1.02	0.22	-0.38	-0.485	-1.11	0.97	0.86	0.7300195	0.6	-2.43	-1.4	-1.81	0.619961	0.69	-0.41	1.70002	1.31	2.29	1.36998	0	0	-2.14998	-2.22	1.91002	-0.65	0.64	-2.82	0.72	0.3799805	0.86	0.31	-0.95	-0.42	0.98	-0.36
0	-0.110039	0	1.02	0	-1.38	0	0	0	-0.38	0.29	-0.84	-0.21	0.47	0	-1.07	-1.32	0	0	0	-0.96	-1.07	0	1.87	0	0.78	0.29	0	0.43	0.41	0.46	0	0	0	0	0	0	0.7	-0.39	0	-0.86	0.149961	-0.33	-0.33	2.27002	1.72	2.08	0	0	0	-0.4999805	-0.44	2.80002	-0.98	0.36	-0.86	0	-1.65002	0.82	0	0.45	0	0	0
-0.48	-0.350039	-1.2	0.66	-1.195	-2.62	-1.29	-0.4	-0.7	-1.52	1.24	0.75	-0.17	1.42	-0.92	0.05	0.94	-2.56	0.36	-1.24	-0.68	-1.02	-1.08	0.83	1.93	1.56	0.6	2.5	0.86	0.76	0.39	0.78	1.295	0.41	-2.09	-1.78	-1.44998	1.62	-0.99	-0.18	1.36	-0.02003899	0.53	0	-0.1899805	0.91	2.1	0.4699805	0.11	0.7799805	0.5000195	0	-0.4399805	-0.66	0.44	0.39	-0.23	-0.2700195	0.46	-0.85	-0.24	-0.37	-1.12	0.01
0.595	-0.215039	-0.335	0.775	-0.16	-0.715	-0.875	-0.335	0.145	-0.745	-0.815	0.405	0.055	1.225	0.465	0.315	0.175	0.015	-1.035	-1.095	-0.025	-0.565	-0.085	-0.205	0	0.915	1.105	0	0.615	0.365	0.475	1.095	-0.07	-0.255	-0.145	0.295	-0.5149805	0.165	0.235	-2.105	-3.455	-0.435039	2.195	1.215	1.40502	0.535	0.805	0.7949805	-0.095	-1.12502	-0.5449805	-0.425	1.61502	1.015	-0.395	-0.015	-0.805	-0.08501953	-0.205	0.435	-0.055	0.015	0.845	0.725
-0.05998047	-0.06001945	0.6300195	-0.2799805	-0.104980469	-0.8199805	-1.62998	0.1100195	0.02001953	-0.5599805	1.05002	-0.1799805	-0.04998047	0.5700195	0.2400195	-0.5299805	-0.1699805	-0.2899805	0.1200195	-0.09998047	0.2200195	-0.1699805	0.07001953	0.2100195	-0.7099805	-0.4699805	-0.1399805	-0.02998047	0.4000195	0.3500195	0.04001953	0.1100195	0.295019531	-1.22998	0.3900195	0.3600195	0.3200391	-0.3299805	-0.4199805	0	1.16002	-0.1200195	-0.5199805	0.4600195	0.5500391	0.5300195	1.953125e-05	0.78	1.953125e-05	-0.78	-0.3899609	0.1100195	0.6100391	0.4300195	-0.09998047	0.4600195	-0.2399805	0	0.1200195	0.1000195	-0.2899805	-0.3899805	-0.4999805	-0.5799805
0.055	0.324961	0.345	-0.245	0	-0.545	-0.755	-0.125	-0.155	-0.285	1.725	-0.375	0.075	0.885	0.205	-0.105	0.025	-0.025	0.105	-0.565	0.115	0.105	0.265	0.405	-0.935	-0.485	-0.105	0.465	0.675	0.645	0.275	0.715	0.62	-1.305	0.515	0.565	0.5350195	-0.625	-0.825	-0.905	0.635	-0.345039	-0.885	0.695	0.4250195	0.565	-0.135	0.5449805	-1.065	-1.92502	-1.21498	0.655	0.7050195	-0.075	0	0.635	-0.265	0.07498047	-0.355	-0.035	-0.555	-0.525	-0.015	-0.795
0.0975	0.267461	0.6975	-0.5025	-0.0075	-0.5525	-0.8325	0.0675	-0.1825	-0.2025	1.3175	-0.3625	-0.1725	0.7475	0.0475	0.0475	-0.0325	0.3775	-0.3825	-0.2425	0.0675	0.0075	0.0675	0.0875	-0.5625	-0.8625	-0.2925	0.4775	0.4775	0.4375	0.0575	0.7175	0.2925	-1.0825	0.8075	0.5475	0.2975195	-0.8625	-1.0125	-1.0525	0.3575	-0.392539	-0.7525	0.4575	0.4575195	0.1875	-0.2225	0.2574805	-1.0925	-1.65252	-1.23248	0.4175	0.6075195	-0.1825	-0.1025	0.3075	-0.6825	0.04748047	-0.6825	-0.2025	-0.3425	-0.9225	0.0375	-0.8425
0.4	0.129961	0.27	-0.8	-0.945	-0.76	-0.73	-0.77	0.74	-0.05	0.47	-0.35	0.47	-0.36	0.79	0.81	0.39	0.43	0.19	-0.46	-0.18	0	0.35	0.1	-0.41	-0.32	-0.44	0.07	1.22	0.81	-0.23	1.02	1.215	0.61	0.09	0.32	0.04001953	-0.03	-0.04	-0.17	-0.05	0.519961	-0.15	0.1	1.15002	0.28	0.22	0.9399805	-0.04	-0.1700195	-0.1999805	0	0.3600195	0.65	0.48	-0.66	-0.79	-0.8500195	-0.73	-0.86	-0.96	-0.39	-0.96	-0.74
0.28	0.229961	-0.02	-0.75	-0.965	-1.02	-0.47	-0.65	0.52	0.35	0.6	-0.47	0.63	-0.24	1	0.67	0.72	0	0.36	-0.48	0.11	-0.05	0.52	0.16	0	-0.32	-0.1	1.14	1.4	0.92	-0.1	1.06	1.295	0.81	-0.14	0.3	0.1000195	-0.21	-0.2	-0.09	-0.07	0.479961	-0.15	0.31	1.58002	1.09	0.55	0.9799805	-0.05	-0.2600195	-0.4499805	0.02	1.07002	0.71	0.4	-0.82	-1.01	-0.9700195	-1.06	-0.6	-0.72	-0.21	-0.55	-0.83
0.76	0.07996101	0	0.06	-0.225	-1.71	-0.69	-0.43	0.05	0.03	0.95	-0.24	0.57	0.16	1.11	-0.53	0.23	-0.12	0.36	-1.14	-0.22	-0.51	0.11	0.77	-0.25	-1.1	0.27	-0.78	1.56	1.24	0.45	0.81	0	0.69	-0.46	0.2	-0.3999805	-0.74	-0.3	-0.14	0.14	0.889961	0	0.12	1.43002	1.17	0.22	0	-0.7	-1.22002	-0.5899805	0.34	0.8200195	1.19	0.17	-0.03	-0.99	-0.4500195	-0.26	-0.78	-0.82	-0.7	-0.66	-0.41
1.425	0.514961	-0.115	-1.075	-0.46	-0.495	-1.145	1.215	-0.105	0.755	1.975	1.475	2.065	0.755	0.495	1.125	-0.015	-0.415	0.955	0.295	-0.305	-0.835	0.445	0.455	-0.045	-0.745	1.085	2.185	1.955	2.425	1.205	0.745	0	0.245	-0.505	-0.305	-0.2149805	-1.055	-1.125	-1.075	1.875	0.744961	-0.785	0.015	1.85502	0.655	1.725	1.80498	-0.205	0	0.01501953	-0.065	1.20502	0.815	-1.365	-0.825	-1.385	-1.14502	-0.365	-0.935	-1.165	-0.315	-1.035	-1.295
-0.51	-0.420039	-0.44	0.54	0.045	-0.76	-1.6	0.4	-0.54	0.8	-0.48	-0.02	-0.3	0.33	0.19	0.23	0.01	-0.89	-0.42	0.14	0.27	0.07	0.08	-0.48	0.22	-0.68	1.18	0	0.12	0.18	0.54	0.09	0.605	-0.49	1.18	1.16	0.5500195	-0.68	-1.16	0	0	-3.898621e-05	0.97	0.56	1.68002	1.07	1.55	1.64998	-0.96	-1.47002	-1.19998	-1.26	0.7800195	-0.12	-0.74	0.14	-0.78	-0.9900195	-1.07	-1.07	-0.13	-0.35	-0.77	0
0.94	-0.350039	0.54	0.16	0.795	-0.28	-0.58	-0.7	0	1.52	1.69	0.94	-0.26	0.92	0.34	0.82	1.04	-3.46	-2.59	-1.46	-0.92	-0.1	-0.85	0.19	0.09	0.64	0.33	-0.22	-0.72	0.59	0.48	-0.07	0	0.56	-0.22	0.26	0.2100195	-0.63	-0.79	-1.19	0.45	0.479961	0.73	0.99	1.83002	1.1	1.5	1.49998	-0.36	-0.3900195	-0.7499805	-0.96	0.5600195	-0.84	-0.73	0.49	-1.38	-1.60002	0.07	-1.33	-0.93	-0.72	-0.62	-1.55
0.94	-0.790039	0.49	0	1.305	-0.39	-1.39	-1.79	0.53	2.11	1.98	1.05	-0.27	0.83	0.46	1.02	1.56	0	-3.75	-1.07	-1.53	-0.14	-1.78	0.25	0.34	0.94	0.39	-0.96	-0.78	0.7	0.84	0.1	1.275	-0.31	-0.61	-0.04	0.3200195	-1.44	-2.57	-3.48	0.99	0.629961	0.86	1.41	2.27002	1.23	1.46	1.60998	-0.96	-1.40002	-1.10998	-1.74	0.7700195	-0.94	-0.98	0.72	0	-3.87002	-0.37	-3.18	-1.79	-1.52	-0.92	0
0.68	-0.290039	0.64	0.23	0.705	-0.5	-0.62	-1.13	0.21	0.91	1.39	0.33	-0.08	0.61	0.13	0.4	0.66	-0.18	-0.52	-0.9	-0.47	0.2	-0.8	-0.16	-0.45	0.59	0.07	-0.23	-0.55	0.17	0	-0.15	0	0.13	-0.31	0.1	0.2200195	-0.77	-0.63	-0.74	0.56	0.329961	0.38	0.61	1.32002	0.84	0.75	1.07998	-0.22	-0.6100195	-0.9799805	-0.49	0.1600195	-0.03	0.05	0.42	-0.61	-0.8200195	-0.23	-0.92	-0.64	-0.89	0.03	-0.1
-0.21	-0.01003899	0.66	-0.74	0.055	-0.53	-0.15	-0.07	0	-0.25	-0.05	0.29	0.02	0.38	0.08	0.5	0.42	0	-0.11	0	0.24	0.18	3.469447e-18	0.24	-0.34	0.45	0.07	-0.01	0.06	-0.09	0.05	0.46	0	-0.51	-0.29	-0.21	0.2600195	0.16	-0.52	-0.95	-0.4	0.159961	0.52	0.41	0.1200195	1.06	0.36	0	0	0.4799805	-0.1699805	-0.09	0.2600195	-0.9	0.02	-0.16	-0.58	-0.1400195	-0.46	-0.19	-0.42	-0.29	0.12	-0.01
-1.19	-1.050039	0	0	0.715	-0.85	-0.79	0.53	0	-0.56	1.26	0.65	0.98	0.99	0.68	0.89	0.65	-0.36	-0.11	0	0.42	0.25	0.26	0.52	0	0.46	-0.41	-0.28	-0.07	0.85	0.43	1.77	0	0.32	-0.4	-0.22	-0.6499805	-0.52	-1.14	-0.67	-0.73	1.109961	-0.23	0.91	0.8000195	1.32	0.65	0.3399805	-0.4	-0.03001953	-0.6999805	-0.44	1.87002	-0.09	-1.07	0.69	-1.59	-0.5700195	-0.7	0.67	-0.67	-0.81	1.26	0.78
0	-2.040039	0	-2.5	0.925	-0.38	-0.83	0.21	1.36	-0.77	1.23	1.13	1.15	0.79	0	1.45	0.89	0	-0.21	-0.45	-0.72	0.33	-0.49	0.61	-0.62	-0.51	-0.02	0.21	-0.43	1.21	0.74	2.23	2.445	0.25	0.05	-0.49	-0.4099805	-0.69	-2.72	-3.53	-2.17	1.039961	-0.09	1.18	1.29002	2.22	0.37	0.5699805	-0.64	-0.8100195	-0.2599805	-0.93	2.05002	-0.29	-0.83	0.13	0	-1.19002	-1.15	0.99	-1.42	0	1.36	0.42
0	0	0	0	0.585	0.67	-2.42	0.2	1.06	-2.57	1.31	1.04	1.43	0.28	0.86	1.23	0.58	-0.42	-0.22	-0.34	0	0.14	-0.71	0.28	-0.19	-0.03	-0.6	0	-0.87	0.71	0.44	1.91	0	0.1	-0.75	-0.68	-0.4299805	-1.38	0	-3.8	0	1.029961	-0.18	1.36	1.61002	1.91	0.66	0.1399805	-0.89	-0.7400195	-1.01998	-3.22	2.12002	-0.53	0	-0.17	0	-2.35002	-2.18	0.51	0	-2.84	1.43	-0.14
